onset	duration	trial_type	value	sample	stim_file
0.94921875	0.0	stim_test,16711,-1,1	1	243	16711.jpg
1.15625	0.0	stim_test,16600,-1,2	2	296	16600.jpg
1.359375	0.0	stim_test,16625,-1,3	3	348	16625.jpg
1.55859375	0.0	stim_test,16557,-1,4	4	399	16557.jpg
1.76171875	0.0	stim_test,16736,-1,5	5	451	16736.jpg
1.94921875	0.0	stim_test,16675,-1,6	6	499	16675.jpg
2.15625	0.0	stim_test,16661,-1,7	7	552	16661.jpg
2.359375	0.0	stim_test,16671,-1,8	8	604	16671.jpg
2.5625	0.0	stim_test,16739,-1,9	9	656	16739.jpg
2.76171875	0.0	stim_test,16582,-1,10	10	707	16582.jpg
2.94921875	0.0	stim_test,16607,-1,11	11	755	16607.jpg
3.15625	0.0	stim_test,16710,-1,12	12	808	16710.jpg
3.359375	0.0	stim_test,16726,-1,13	13	860	16726.jpg
3.5625	0.0	stim_test,16580,-1,14	14	912	16580.jpg
3.76171875	0.0	stim_test,16592,-1,15	15	963	16592.jpg
3.94921875	0.0	stim_test,16681,-1,16	16	1011	16681.jpg
4.15625	0.0	stim_test,16545,-1,17	17	1064	16545.jpg
4.359375	0.0	stim_test,16567,-1,18	18	1116	16567.jpg
4.5625	0.0	oddball,16748,-1,19	19	1168	16748.jpg
4.765625	0.0	stim_test,16550,-1,20	20	1220	16550.jpg
6.1015625	0.0	behav,0,-1,21	21	1562	n/a
6.46875	0.0	stim_test,16712,-1,22	22	1656	16712.jpg
6.65625	0.0	stim_test,16634,-1,23	23	1704	16634.jpg
6.859375	0.0	stim_test,16672,-1,24	24	1756	16672.jpg
7.0625	0.0	stim_test,16631,-1,25	25	1808	16631.jpg
7.265625	0.0	stim_test,16628,-1,26	26	1860	16628.jpg
7.46875	0.0	stim_test,16658,-1,27	27	1912	16658.jpg
7.65625	0.0	stim_test,16606,-1,28	28	1960	16606.jpg
7.859375	0.0	stim_test,16624,-1,29	29	2012	16624.jpg
8.0625	0.0	stim_test,16633,-1,30	30	2064	16633.jpg
8.265625	0.0	stim_test,16614,-1,31	31	2116	16614.jpg
8.46875	0.0	stim_test,16666,-1,32	32	2168	16666.jpg
8.671875	0.0	stim_test,16630,-1,33	33	2220	16630.jpg
8.859375	0.0	stim_test,16605,-1,34	34	2268	16605.jpg
9.0625	0.0	stim_test,16729,-1,35	35	2320	16729.jpg
9.265625	0.0	stim_test,16668,-1,36	36	2372	16668.jpg
9.46875	0.0	stim_test,16596,-1,37	37	2424	16596.jpg
9.671875	0.0	stim_test,16662,-1,38	38	2476	16662.jpg
9.859375	0.0	stim_test,16595,-1,39	39	2524	16595.jpg
10.0625	0.0	stim_test,16618,-1,40	40	2576	16618.jpg
10.265625	0.0	stim_test,16728,-1,41	41	2628	16728.jpg
11.5234375	0.0	behav,3,-1,42	42	2950	n/a
11.890625	0.0	stim_test,16698,-1,43	43	3044	16698.jpg
12.078125	0.0	stim_test,16639,-1,44	44	3092	16639.jpg
12.28125	0.0	stim_test,16657,-1,45	45	3144	16657.jpg
12.484375	0.0	stim_test,16601,-1,46	46	3196	16601.jpg
12.6875	0.0	stim_test,16714,-1,47	47	3248	16714.jpg
12.890625	0.0	stim_test,16679,-1,48	48	3300	16679.jpg
13.078125	0.0	stim_test,16637,-1,49	49	3348	16637.jpg
13.28125	0.0	stim_test,16723,-1,50	50	3400	16723.jpg
13.484375	0.0	stim_test,16544,-1,51	51	3452	16544.jpg
13.6875	0.0	stim_test,16699,-1,52	52	3504	16699.jpg
13.890625	0.0	stim_test,16587,-1,53	53	3556	16587.jpg
14.09375	0.0	stim_test,16713,-1,54	54	3608	16713.jpg
14.28125	0.0	stim_test,16704,-1,55	55	3656	16704.jpg
14.484375	0.0	stim_test,16543,-1,56	56	3708	16543.jpg
14.6875	0.0	stim_test,16669,-1,57	57	3760	16669.jpg
14.890625	0.0	stim_test,16616,-1,58	58	3812	16616.jpg
15.09375	0.0	stim_test,16678,-1,59	59	3864	16678.jpg
15.28125	0.0	stim_test,16638,-1,60	60	3912	16638.jpg
15.484375	0.0	stim_test,16626,-1,61	61	3964	16626.jpg
15.6875	0.0	stim_test,16553,-1,62	62	4016	16553.jpg
16.96484375	0.0	behav,3,-1,63	63	4343	n/a
17.328125	0.0	stim_test,16579,-1,64	64	4436	16579.jpg
17.515625	0.0	stim_test,16706,-1,65	65	4484	16706.jpg
17.71875	0.0	stim_test,16709,-1,66	66	4536	16709.jpg
17.921875	0.0	stim_test,16554,-1,67	67	4588	16554.jpg
18.125	0.0	stim_test,16693,-1,68	68	4640	16693.jpg
18.328125	0.0	stim_test,16597,-1,69	69	4692	16597.jpg
18.53125	0.0	stim_test,16627,-1,70	70	4744	16627.jpg
18.71875	0.0	stim_test,16685,-1,71	71	4792	16685.jpg
18.921875	0.0	stim_test,16697,-1,72	72	4844	16697.jpg
19.125	0.0	stim_test,16664,-1,73	73	4896	16664.jpg
19.328125	0.0	stim_test,16566,-1,74	74	4948	16566.jpg
19.53125	0.0	stim_test,16730,-1,75	75	5000	16730.jpg
19.71875	0.0	stim_test,16548,-1,76	76	5048	16548.jpg
19.921875	0.0	stim_test,16563,-1,77	77	5100	16563.jpg
20.125	0.0	stim_test,16608,-1,78	78	5152	16608.jpg
20.328125	0.0	stim_test,16546,-1,79	79	5204	16546.jpg
20.53125	0.0	stim_test,16588,-1,80	80	5256	16588.jpg
20.734375	0.0	stim_test,16663,-1,81	81	5308	16663.jpg
20.921875	0.0	stim_test,16635,-1,82	82	5356	16635.jpg
21.125	0.0	stim_test,16572,-1,83	83	5408	16572.jpg
22.57421875	0.0	behav,3,-1,84	84	5779	n/a
22.90625	0.0	stim_test,16599,-1,85	85	5864	16599.jpg
23.109375	0.0	stim_test,16585,-1,86	86	5916	16585.jpg
23.3125	0.0	stim_test,16598,-1,87	87	5968	16598.jpg
23.515625	0.0	stim_test,16719,-1,88	88	6020	16719.jpg
23.71875	0.0	stim_test,16612,-1,89	89	6072	16612.jpg
23.90625	0.0	stim_test,16694,-1,90	90	6120	16694.jpg
24.109375	0.0	stim_test,16622,-1,91	91	6172	16622.jpg
24.3125	0.0	stim_test,16551,-1,92	92	6224	16551.jpg
24.515625	0.0	stim_test,16576,-1,93	93	6276	16576.jpg
24.71875	0.0	stim_test,16558,-1,94	94	6328	16558.jpg
24.921875	0.0	stim_test,16660,-1,95	95	6380	16660.jpg
25.109375	0.0	stim_test,16560,-1,96	96	6428	16560.jpg
25.3125	0.0	stim_test,16562,-1,97	97	6480	16562.jpg
25.515625	0.0	stim_test,16575,-1,98	98	6532	16575.jpg
25.71875	0.0	stim_test,16738,-1,99	99	6584	16738.jpg
25.921875	0.0	stim_test,16737,-1,100	100	6636	16737.jpg
26.109375	0.0	stim_test,16547,-1,272	101	6684	16547.jpg
26.3125	0.0	stim_test,16670,-1,273	102	6736	16670.jpg
26.515625	0.0	stim_test,16659,-1,274	103	6788	16659.jpg
26.71875	0.0	stim_test,16652,-1,275	104	6840	16652.jpg
28.34375	0.0	behav,3,-1,276	105	7256	n/a
28.703125	0.0	stim_test,16570,-1,277	106	7348	16570.jpg
28.90625	0.0	stim_test,16649,-1,278	107	7400	16649.jpg
29.10546875	0.0	stim_test,16623,-1,279	108	7451	16623.jpg
29.29296875	0.0	stim_test,16641,-1,280	109	7499	16641.jpg
29.49609375	0.0	stim_test,16581,-1,281	110	7551	16581.jpg
29.69921875	0.0	stim_test,16651,-1,282	111	7603	16651.jpg
29.90234375	0.0	stim_test,16695,-1,283	112	7655	16695.jpg
30.10546875	0.0	stim_test,16569,-1,284	113	7707	16569.jpg
30.29296875	0.0	stim_test,16684,-1,285	114	7755	16684.jpg
30.49609375	0.0	stim_test,16591,-1,286	115	7807	16591.jpg
30.69921875	0.0	stim_test,16611,-1,287	116	7859	16611.jpg
30.90234375	0.0	stim_test,16655,-1,288	117	7911	16655.jpg
31.10546875	0.0	stim_test,16656,-1,289	118	7963	16656.jpg
31.29296875	0.0	stim_test,16643,-1,290	119	8011	16643.jpg
31.49609375	0.0	stim_test,16689,-1,291	120	8063	16689.jpg
31.69921875	0.0	stim_test,16610,-1,292	121	8115	16610.jpg
31.90234375	0.0	stim_test,16676,-1,293	122	8167	16676.jpg
32.10546875	0.0	stim_test,16604,-1,294	123	8219	16604.jpg
32.30859375	0.0	stim_test,16621,-1,295	124	8271	16621.jpg
32.49609375	0.0	stim_test,16619,-1,296	125	8319	16619.jpg
33.875	0.0	behav,3,-1,297	126	8672	n/a
34.23046875	0.0	stim_test,16556,-1,298	127	8763	16556.jpg
34.43359375	0.0	stim_test,16540,-1,299	128	8815	16540.jpg
34.63671875	0.0	stim_test,16549,-1,300	129	8867	16549.jpg
34.83984375	0.0	stim_test,16716,-1,301	130	8919	16716.jpg
35.04296875	0.0	stim_test,16674,-1,302	131	8971	16674.jpg
35.23046875	0.0	stim_test,16707,-1,303	132	9019	16707.jpg
35.43359375	0.0	stim_test,16620,-1,304	133	9071	16620.jpg
35.63671875	0.0	stim_test,16584,-1,305	134	9123	16584.jpg
35.83984375	0.0	stim_test,16593,-1,306	135	9175	16593.jpg
36.04296875	0.0	stim_test,16721,-1,307	136	9227	16721.jpg
36.24609375	0.0	stim_test,16702,-1,308	137	9279	16702.jpg
36.43359375	0.0	stim_test,16732,-1,309	138	9327	16732.jpg
36.63671875	0.0	stim_test,16564,-1,310	139	9379	16564.jpg
36.83984375	0.0	stim_test,16680,-1,311	140	9431	16680.jpg
37.04296875	0.0	stim_test,16578,-1,312	141	9483	16578.jpg
37.24609375	0.0	stim_test,16735,-1,313	142	9535	16735.jpg
37.43359375	0.0	stim_test,16636,-1,314	143	9583	16636.jpg
37.63671875	0.0	stim_test,16667,-1,315	144	9635	16667.jpg
37.83984375	0.0	stim_test,16691,-1,316	145	9687	16691.jpg
38.04296875	0.0	stim_test,16733,-1,317	146	9739	16733.jpg
39.60546875	0.0	behav,3,-1,318	147	10139	n/a
39.96484375	0.0	stim_test,16718,-1,319	148	10231	16718.jpg
40.15234375	0.0	stim_test,16731,-1,320	149	10279	16731.jpg
40.35546875	0.0	stim_test,16644,-1,321	150	10331	16644.jpg
40.55859375	0.0	stim_test,16701,-1,322	151	10383	16701.jpg
40.76171875	0.0	stim_test,16594,-1,323	152	10435	16594.jpg
40.96484375	0.0	stim_test,16565,-1,324	153	10487	16565.jpg
41.15234375	0.0	stim_test,16568,-1,325	154	10535	16568.jpg
41.35546875	0.0	stim_test,16590,-1,326	155	10587	16590.jpg
41.55859375	0.0	stim_test,16642,-1,327	156	10639	16642.jpg
41.76171875	0.0	stim_test,16715,-1,328	157	10691	16715.jpg
41.96484375	0.0	stim_test,16577,-1,329	158	10743	16577.jpg
42.16796875	0.0	stim_test,16724,-1,330	159	10795	16724.jpg
42.35546875	0.0	stim_test,16727,-1,331	160	10843	16727.jpg
42.55859375	0.0	stim_test,16653,-1,332	161	10895	16653.jpg
42.76171875	0.0	stim_test,16617,-1,333	162	10947	16617.jpg
42.96484375	0.0	stim_test,16722,-1,334	163	10999	16722.jpg
43.16796875	0.0	stim_test,16725,-1,335	164	11051	16725.jpg
43.35546875	0.0	stim_test,16646,-1,336	165	11099	16646.jpg
43.55859375	0.0	stim_test,16690,-1,337	166	11151	16690.jpg
43.76171875	0.0	oddball,16744,-1,338	167	11203	16744.jpg
45.1171875	0.0	behav,0,-1,339	168	11550	n/a
45.48046875	0.0	stim_test,16543,-1,340	169	11643	16543.jpg
45.68359375	0.0	stim_test,16688,-1,341	170	11695	16688.jpg
45.88671875	0.0	stim_test,16700,-1,342	171	11747	16700.jpg
46.07421875	0.0	stim_test,16676,-1,343	172	11795	16676.jpg
46.27734375	0.0	stim_test,16661,-1,344	173	11847	16661.jpg
46.48046875	0.0	stim_test,16675,-1,345	174	11899	16675.jpg
46.68359375	0.0	stim_test,16713,-1,346	175	11951	16713.jpg
46.88671875	0.0	stim_test,16556,-1,347	176	12003	16556.jpg
47.08984375	0.0	stim_test,16693,-1,348	177	12055	16693.jpg
47.27734375	0.0	stim_test,16683,-1,349	178	12103	16683.jpg
47.48046875	0.0	stim_test,16691,-1,350	179	12155	16691.jpg
47.68359375	0.0	stim_test,16685,-1,351	180	12207	16685.jpg
47.88671875	0.0	stim_test,16651,-1,352	181	12259	16651.jpg
48.08984375	0.0	stim_test,16728,-1,353	182	12311	16728.jpg
48.27734375	0.0	stim_test,16654,-1,354	183	12359	16654.jpg
48.48046875	0.0	stim_test,16662,-1,355	184	12411	16662.jpg
48.68359375	0.0	stim_test,16725,-1,356	185	12463	16725.jpg
48.88671875	0.0	stim_test,16710,-1,357	186	12515	16710.jpg
49.08984375	0.0	stim_test,16639,-1,358	187	12567	16639.jpg
49.29296875	0.0	stim_test,16623,-1,359	188	12619	16623.jpg
50.5	0.0	behav,3,-1,360	189	12928	n/a
50.85546875	0.0	stim_test,16583,-1,361	190	13019	16583.jpg
51.05859375	0.0	stim_test,16547,-1,362	191	13071	16547.jpg
51.26171875	0.0	stim_test,16712,-1,363	192	13123	16712.jpg
51.44921875	0.0	stim_test,16678,-1,364	193	13171	16678.jpg
51.65234375	0.0	stim_test,16715,-1,365	194	13223	16715.jpg
51.85546875	0.0	stim_test,16569,-1,366	195	13275	16569.jpg
52.05859375	0.0	stim_test,16739,-1,367	196	13327	16739.jpg
52.26171875	0.0	stim_test,16598,-1,368	197	13379	16598.jpg
52.44921875	0.0	stim_test,16646,-1,369	198	13427	16646.jpg
52.65234375	0.0	stim_test,16697,-1,370	199	13479	16697.jpg
52.85546875	0.0	stim_test,16616,-1,371	200	13531	16616.jpg
53.05859375	0.0	stim_test,16586,-1,372	201	13583	16586.jpg
53.26171875	0.0	stim_test,16734,-1,373	202	13635	16734.jpg
53.44921875	0.0	stim_test,16640,-1,374	203	13683	16640.jpg
53.65234375	0.0	stim_test,16686,-1,375	204	13735	16686.jpg
53.85546875	0.0	stim_test,16671,-1,376	205	13787	16671.jpg
54.05859375	0.0	stim_test,16610,-1,377	206	13839	16610.jpg
54.26171875	0.0	stim_test,16670,-1,378	207	13891	16670.jpg
54.46484375	0.0	stim_test,16645,-1,379	208	13943	16645.jpg
54.65234375	0.0	stim_test,16567,-1,380	209	13991	16567.jpg
56.109375	0.0	behav,3,-1,381	210	14364	n/a
56.46484375	0.0	stim_test,16576,-1,382	211	14455	16576.jpg
56.65234375	0.0	stim_test,16723,-1,383	212	14503	16723.jpg
56.85546875	0.0	stim_test,16635,-1,384	213	14555	16635.jpg
57.05859375	0.0	stim_test,16735,-1,385	214	14607	16735.jpg
57.26171875	0.0	stim_test,16644,-1,386	215	14659	16644.jpg
57.46484375	0.0	stim_test,16568,-1,387	216	14711	16568.jpg
57.66796875	0.0	stim_test,16681,-1,388	217	14763	16681.jpg
57.85546875	0.0	stim_test,16628,-1,389	218	14811	16628.jpg
58.05859375	0.0	stim_test,16553,-1,390	219	14863	16553.jpg
58.26171875	0.0	stim_test,16738,-1,391	220	14915	16738.jpg
58.46484375	0.0	stim_test,16625,-1,392	221	14967	16625.jpg
58.66796875	0.0	stim_test,16591,-1,393	222	15019	16591.jpg
58.859375	0.0	stim_test,16552,-1,394	223	15068	16552.jpg
59.05859375	0.0	stim_test,16730,-1,395	224	15119	16730.jpg
59.26171875	0.0	stim_test,16630,-1,396	225	15171	16630.jpg
59.46484375	0.0	stim_test,16666,-1,397	226	15223	16666.jpg
59.66796875	0.0	stim_test,16632,-1,398	227	15275	16632.jpg
59.859375	0.0	stim_test,16649,-1,399	228	15324	16649.jpg
60.05859375	0.0	stim_test,16584,-1,400	229	15375	16584.jpg
60.26171875	0.0	stim_test,16588,-1,401	230	15427	16588.jpg
61.4765625	0.0	behav,3,-1,402	231	15738	n/a
61.83984375	0.0	stim_test,16574,-1,403	232	15831	16574.jpg
62.03125	0.0	stim_test,16577,-1,404	233	15880	16577.jpg
62.234375	0.0	stim_test,16561,-1,405	234	15932	16561.jpg
62.4375	0.0	stim_test,16648,-1,406	235	15984	16648.jpg
62.640625	0.0	stim_test,16669,-1,407	236	16036	16669.jpg
62.83984375	0.0	stim_test,16653,-1,408	237	16087	16653.jpg
63.03125	0.0	stim_test,16554,-1,409	238	16136	16554.jpg
63.234375	0.0	stim_test,16540,-1,410	239	16188	16540.jpg
63.4375	0.0	stim_test,16663,-1,411	240	16240	16663.jpg
63.640625	0.0	stim_test,16720,-1,412	241	16292	16720.jpg
63.83984375	0.0	stim_test,16673,-1,413	242	16343	16673.jpg
64.03125	0.0	stim_test,16548,-1,414	243	16392	16548.jpg
64.234375	0.0	stim_test,16570,-1,415	244	16444	16570.jpg
64.4375	0.0	stim_test,16546,-1,416	245	16496	16546.jpg
64.640625	0.0	stim_test,16702,-1,417	246	16548	16702.jpg
64.84375	0.0	stim_test,16589,-1,418	247	16600	16589.jpg
65.03125	0.0	stim_test,16541,-1,419	248	16648	16541.jpg
65.234375	0.0	stim_test,16737,-1,420	249	16700	16737.jpg
65.4375	0.0	stim_test,16560,-1,421	250	16752	16560.jpg
65.640625	0.0	stim_test,16549,-1,422	251	16804	16549.jpg
67.15234375	0.0	behav,3,-1,423	252	17191	n/a
67.515625	0.0	stim_test,16699,-1,424	253	17284	16699.jpg
67.69921875	0.0	stim_test,16605,-1,425	254	17331	16605.jpg
67.90625	0.0	stim_test,16696,-1,426	255	17384	16696.jpg
68.109375	0.0	stim_test,16655,-1,427	256	17436	16655.jpg
68.3125	0.0	stim_test,16733,-1,428	257	17488	16733.jpg
68.515625	0.0	stim_test,16597,-1,429	258	17540	16597.jpg
68.69921875	0.0	stim_test,16682,-1,430	259	17587	16682.jpg
68.90625	0.0	stim_test,16659,-1,431	260	17640	16659.jpg
69.109375	0.0	stim_test,16658,-1,432	261	17692	16658.jpg
69.3125	0.0	stim_test,16564,-1,433	262	17744	16564.jpg
69.515625	0.0	stim_test,16609,-1,434	263	17796	16609.jpg
69.69921875	0.0	stim_test,16668,-1,435	264	17843	16668.jpg
69.90625	0.0	stim_test,16716,-1,436	265	17896	16716.jpg
70.109375	0.0	stim_test,16562,-1,437	266	17948	16562.jpg
70.3125	0.0	stim_test,16672,-1,438	267	18000	16672.jpg
70.515625	0.0	stim_test,16602,-1,439	268	18052	16602.jpg
70.71875	0.0	stim_test,16643,-1,440	269	18104	16643.jpg
70.90625	0.0	stim_test,16689,-1,441	270	18152	16689.jpg
71.109375	0.0	stim_test,16627,-1,442	271	18204	16627.jpg
71.3125	0.0	stim_test,16599,-1,443	272	18256	16599.jpg
72.71875	0.0	behav,3,-1,444	273	18616	n/a
73.078125	0.0	stim_test,16674,-1,445	274	18708	16674.jpg
73.28125	0.0	stim_test,16617,-1,446	275	18760	16617.jpg
73.484375	0.0	stim_test,16542,-1,447	276	18812	16542.jpg
73.6875	0.0	stim_test,16708,-1,448	277	18864	16708.jpg
73.875	0.0	stim_test,16575,-1,449	278	18912	16575.jpg
74.078125	0.0	stim_test,16615,-1,450	279	18964	16615.jpg
74.28125	0.0	stim_test,16660,-1,451	280	19016	16660.jpg
74.484375	0.0	stim_test,16642,-1,452	281	19068	16642.jpg
74.6875	0.0	stim_test,16634,-1,453	282	19120	16634.jpg
74.890625	0.0	stim_test,16717,-1,454	283	19172	16717.jpg
75.078125	0.0	stim_test,16732,-1,455	284	19220	16732.jpg
75.28125	0.0	stim_test,16718,-1,456	285	19272	16718.jpg
75.484375	0.0	stim_test,16656,-1,457	286	19324	16656.jpg
75.6875	0.0	stim_test,16647,-1,458	287	19376	16647.jpg
75.890625	0.0	stim_test,16601,-1,459	288	19428	16601.jpg
76.078125	0.0	stim_test,16680,-1,460	289	19476	16680.jpg
76.28125	0.0	stim_test,16594,-1,461	290	19528	16594.jpg
76.484375	0.0	stim_test,16637,-1,462	291	19580	16637.jpg
76.6875	0.0	stim_test,16727,-1,463	292	19632	16727.jpg
76.890625	0.0	stim_test,16544,-1,464	293	19684	16544.jpg
78.19140625	0.0	behav,3,-1,465	294	20017	n/a
78.546875	0.0	stim_test,16608,-1,466	295	20108	16608.jpg
78.75	0.0	stim_test,16613,-1,467	296	20160	16613.jpg
78.953125	0.0	stim_test,16711,-1,468	297	20212	16711.jpg
79.15625	0.0	stim_test,16585,-1,469	298	20264	16585.jpg
79.359375	0.0	stim_test,16726,-1,470	299	20316	16726.jpg
79.546875	0.0	stim_test,16724,-1,471	300	20364	16724.jpg
79.75	0.0	stim_test,16595,-1,472	301	20416	16595.jpg
79.953125	0.0	stim_test,16578,-1,473	302	20468	16578.jpg
80.15625	0.0	stim_test,16729,-1,474	303	20520	16729.jpg
80.359375	0.0	stim_test,16629,-1,475	304	20572	16629.jpg
80.546875	0.0	stim_test,16641,-1,476	305	20620	16641.jpg
80.75	0.0	stim_test,16557,-1,477	306	20672	16557.jpg
80.953125	0.0	stim_test,16684,-1,478	307	20724	16684.jpg
81.15625	0.0	stim_test,16657,-1,479	308	20776	16657.jpg
81.359375	0.0	stim_test,16590,-1,480	309	20828	16590.jpg
81.5625	0.0	stim_test,16579,-1,481	310	20880	16579.jpg
81.75	0.0	stim_test,16731,-1,482	311	20928	16731.jpg
81.953125	0.0	stim_test,16565,-1,483	312	20980	16565.jpg
82.15625	0.0	stim_test,16614,-1,484	313	21032	16614.jpg
82.359375	0.0	stim_test,16604,-1,485	314	21084	16604.jpg
83.609375	0.0	behav,3,-1,486	315	21404	n/a
83.953125	0.0	stim_test,16592,-1,487	316	21492	16592.jpg
84.15625	0.0	stim_test,16687,-1,488	317	21544	16687.jpg
84.359375	0.0	stim_test,16694,-1,489	318	21596	16694.jpg
84.5625	0.0	stim_test,16709,-1,490	319	21648	16709.jpg
84.765625	0.0	stim_test,16603,-1,491	320	21700	16603.jpg
84.953125	0.0	stim_test,16624,-1,492	321	21748	16624.jpg
85.15625	0.0	stim_test,16650,-1,493	322	21800	16650.jpg
85.359375	0.0	stim_test,16722,-1,494	323	21852	16722.jpg
85.5625	0.0	stim_test,16581,-1,495	324	21904	16581.jpg
85.765625	0.0	stim_test,16703,-1,496	325	21956	16703.jpg
85.953125	0.0	stim_test,16704,-1,497	326	22004	16704.jpg
86.15625	0.0	stim_test,16612,-1,498	327	22056	16612.jpg
86.359375	0.0	stim_test,16633,-1,499	328	22108	16633.jpg
86.5625	0.0	stim_test,16621,-1,500	329	22160	16621.jpg
86.765625	0.0	stim_test,16571,-1,501	330	22212	16571.jpg
86.96875	0.0	stim_test,16620,-1,502	331	22264	16620.jpg
87.15625	0.0	stim_test,16572,-1,503	332	22312	16572.jpg
87.35546875	0.0	stim_test,16665,-1,504	333	22363	16665.jpg
87.55859375	0.0	stim_test,16667,-1,505	334	22415	16667.jpg
87.76171875	0.0	stim_test,16677,-1,506	335	22467	16677.jpg
89.203125	0.0	behav,3,-1,507	336	22836	n/a
89.55859375	0.0	stim_test,16736,-1,508	337	22927	16736.jpg
89.76171875	0.0	stim_test,16566,-1,509	338	22979	16566.jpg
89.96484375	0.0	stim_test,16555,-1,510	339	23031	16555.jpg
90.16796875	0.0	stim_test,16626,-1,511	340	23083	16626.jpg
90.35546875	0.0	stim_test,16607,-1,512	341	23131	16607.jpg
90.55859375	0.0	stim_test,16563,-1,513	342	23183	16563.jpg
90.76171875	0.0	stim_test,16701,-1,514	343	23235	16701.jpg
90.96484375	0.0	stim_test,16705,-1,515	344	23287	16705.jpg
91.16796875	0.0	stim_test,16580,-1,516	345	23339	16580.jpg
91.35546875	0.0	stim_test,16714,-1,517	346	23387	16714.jpg
91.55859375	0.0	stim_test,16550,-1,518	347	23439	16550.jpg
91.76171875	0.0	stim_test,16652,-1,519	348	23491	16652.jpg
91.96484375	0.0	stim_test,16551,-1,520	349	23543	16551.jpg
92.16796875	0.0	stim_test,16707,-1,521	350	23595	16707.jpg
92.37109375	0.0	stim_test,16545,-1,522	351	23647	16545.jpg
92.55859375	0.0	stim_test,16558,-1,523	352	23695	16558.jpg
92.76171875	0.0	stim_test,16706,-1,524	353	23747	16706.jpg
92.96484375	0.0	stim_test,16573,-1,525	354	23799	16573.jpg
93.16796875	0.0	stim_test,16619,-1,526	355	23851	16619.jpg
93.37109375	0.0	stim_test,16606,-1,527	356	23903	16606.jpg
94.61328125	0.0	behav,3,-1,528	357	24221	n/a
94.94921875	0.0	stim_test,16611,-1,529	358	24307	16611.jpg
95.15234375	0.0	stim_test,16695,-1,530	359	24359	16695.jpg
95.35546875	0.0	stim_test,16679,-1,531	360	24411	16679.jpg
95.54296875	0.0	stim_test,16593,-1,532	361	24459	16593.jpg
95.74609375	0.0	stim_test,16664,-1,533	362	24511	16664.jpg
95.94921875	0.0	stim_test,16596,-1,534	363	24563	16596.jpg
96.15234375	0.0	stim_test,16690,-1,535	364	24615	16690.jpg
96.35546875	0.0	stim_test,16600,-1,536	365	24667	16600.jpg
96.55859375	0.0	stim_test,16638,-1,537	366	24719	16638.jpg
96.74609375	0.0	stim_test,16721,-1,538	367	24767	16721.jpg
96.94921875	0.0	stim_test,16631,-1,539	368	24819	16631.jpg
97.15234375	0.0	stim_test,16622,-1,540	369	24871	16622.jpg
97.35546875	0.0	stim_test,16582,-1,541	370	24923	16582.jpg
97.55859375	0.0	stim_test,16559,-1,542	371	24975	16559.jpg
97.74609375	0.0	stim_test,16618,-1,543	372	25023	16618.jpg
97.94921875	0.0	stim_test,16587,-1,544	373	25075	16587.jpg
98.15234375	0.0	stim_test,16692,-1,545	374	25127	16692.jpg
98.35546875	0.0	stim_test,16636,-1,546	375	25179	16636.jpg
98.55859375	0.0	stim_test,16698,-1,547	376	25231	16698.jpg
98.74609375	0.0	stim_test,16719,-1,548	377	25279	16719.jpg
100.359375	0.0	behav,3,-1,549	378	25692	n/a
100.71484375	0.0	stim_test,16710,-1,550	379	25783	16710.jpg
100.91796875	0.0	stim_test,16559,-1,551	380	25835	16559.jpg
101.12109375	0.0	stim_test,16634,-1,552	381	25887	16634.jpg
101.32421875	0.0	stim_test,16679,-1,553	382	25939	16679.jpg
101.52734375	0.0	stim_test,16673,-1,554	383	25991	16673.jpg
101.73046875	0.0	stim_test,16585,-1,555	384	26043	16585.jpg
101.91796875	0.0	stim_test,16724,-1,556	385	26091	16724.jpg
102.12109375	0.0	stim_test,16720,-1,557	386	26143	16720.jpg
102.32421875	0.0	stim_test,16570,-1,558	387	26195	16570.jpg
102.52734375	0.0	stim_test,16620,-1,559	388	26247	16620.jpg
102.73046875	0.0	stim_test,16625,-1,560	389	26299	16625.jpg
102.91796875	0.0	stim_test,16693,-1,561	390	26347	16693.jpg
103.12109375	0.0	stim_test,16712,-1,562	391	26399	16712.jpg
103.32421875	0.0	stim_test,16684,-1,563	392	26451	16684.jpg
103.52734375	0.0	stim_test,16657,-1,564	393	26503	16657.jpg
103.73046875	0.0	stim_test,16732,-1,565	394	26555	16732.jpg
103.91796875	0.0	stim_test,16649,-1,566	395	26603	16649.jpg
104.12109375	0.0	stim_test,16672,-1,567	396	26655	16672.jpg
104.32421875	0.0	stim_test,16721,-1,568	397	26707	16721.jpg
104.52734375	0.0	stim_test,16595,-1,569	398	26759	16595.jpg
106.328125	0.0	behav,3,-1,570	399	27220	n/a
106.68359375	0.0	stim_test,16543,-1,571	400	27311	16543.jpg
106.87109375	0.0	stim_test,16573,-1,572	401	27359	16573.jpg
107.07421875	0.0	stim_test,16607,-1,573	402	27411	16607.jpg
107.27734375	0.0	stim_test,16579,-1,574	403	27463	16579.jpg
107.48046875	0.0	stim_test,16609,-1,575	404	27515	16609.jpg
107.68359375	0.0	stim_test,16635,-1,576	405	27567	16635.jpg
107.87109375	0.0	stim_test,16550,-1,577	406	27615	16550.jpg
108.07421875	0.0	stim_test,16698,-1,578	407	27667	16698.jpg
108.27734375	0.0	stim_test,16694,-1,579	408	27719	16694.jpg
108.48046875	0.0	stim_test,16580,-1,580	409	27771	16580.jpg
108.68359375	0.0	stim_test,16592,-1,581	410	27823	16592.jpg
108.88671875	0.0	stim_test,16703,-1,582	411	27875	16703.jpg
109.07421875	0.0	stim_test,16643,-1,583	412	27923	16643.jpg
109.27734375	0.0	stim_test,16546,-1,584	413	27975	16546.jpg
109.48046875	0.0	stim_test,16715,-1,585	414	28027	16715.jpg
109.68359375	0.0	stim_test,16682,-1,586	415	28079	16682.jpg
109.88671875	0.0	stim_test,16718,-1,587	416	28131	16718.jpg
110.07421875	0.0	stim_test,16540,-1,588	417	28179	16540.jpg
110.27734375	0.0	stim_test,16606,-1,589	418	28231	16606.jpg
110.48046875	0.0	stim_test,16717,-1,590	419	28283	16717.jpg
111.6328125	0.0	behav,3,-1,591	420	28578	n/a
111.98046875	0.0	stim_test,16689,-1,592	421	28667	16689.jpg
112.18359375	0.0	stim_test,16613,-1,593	422	28719	16613.jpg
112.38671875	0.0	stim_test,16667,-1,594	423	28771	16667.jpg
112.58984375	0.0	stim_test,16739,-1,595	424	28823	16739.jpg
112.77734375	0.0	stim_test,16556,-1,596	425	28871	16556.jpg
112.98046875	0.0	stim_test,16541,-1,597	426	28923	16541.jpg
113.18359375	0.0	stim_test,16728,-1,598	427	28975	16728.jpg
113.38671875	0.0	stim_test,16656,-1,599	428	29027	16656.jpg
113.58984375	0.0	stim_test,16589,-1,600	429	29079	16589.jpg
113.77734375	0.0	stim_test,16733,-1,601	430	29127	16733.jpg
113.98046875	0.0	stim_test,16681,-1,602	431	29179	16681.jpg
114.18359375	0.0	stim_test,16561,-1,603	432	29231	16561.jpg
114.38671875	0.0	stim_test,16597,-1,604	433	29283	16597.jpg
114.58984375	0.0	stim_test,16566,-1,605	434	29335	16566.jpg
114.79296875	0.0	stim_test,16560,-1,606	435	29387	16560.jpg
114.98046875	0.0	stim_test,16686,-1,607	436	29435	16686.jpg
115.18359375	0.0	stim_test,16545,-1,608	437	29487	16545.jpg
115.38671875	0.0	stim_test,16563,-1,609	438	29539	16563.jpg
115.58984375	0.0	stim_test,16599,-1,610	439	29591	16599.jpg
115.79296875	0.0	stim_test,16702,-1,611	440	29643	16702.jpg
116.9609375	0.0	behav,3,-1,612	441	29942	n/a
117.32421875	0.0	stim_test,16581,-1,613	442	30035	16581.jpg
117.53125	0.0	stim_test,16586,-1,614	443	30088	16586.jpg
117.734375	0.0	stim_test,16591,-1,615	444	30140	16591.jpg
117.91796875	0.0	stim_test,16544,-1,616	445	30187	16544.jpg
118.12109375	0.0	oddball,16740,-1,617	446	30239	16740.jpg
118.32421875	0.0	stim_test,16557,-1,618	447	30291	16557.jpg
118.53125	0.0	stim_test,16645,-1,619	448	30344	16645.jpg
118.734375	0.0	stim_test,16588,-1,620	449	30396	16588.jpg
118.91796875	0.0	stim_test,16641,-1,621	450	30443	16641.jpg
119.12109375	0.0	stim_test,16611,-1,622	451	30495	16611.jpg
119.32421875	0.0	stim_test,16644,-1,623	452	30547	16644.jpg
119.53125	0.0	stim_test,16558,-1,624	453	30600	16558.jpg
119.734375	0.0	stim_test,16706,-1,625	454	30652	16706.jpg
119.91796875	0.0	stim_test,16577,-1,626	455	30699	16577.jpg
120.12109375	0.0	stim_test,16602,-1,627	456	30751	16602.jpg
120.32421875	0.0	stim_test,16552,-1,628	457	30803	16552.jpg
120.53125	0.0	stim_test,16639,-1,629	458	30856	16639.jpg
120.734375	0.0	stim_test,16683,-1,630	459	30908	16683.jpg
120.91796875	0.0	stim_test,16737,-1,631	460	30955	16737.jpg
121.12109375	0.0	stim_test,16708,-1,632	461	31007	16708.jpg
122.5703125	0.0	behav,0,-1,633	462	31378	n/a
122.91796875	0.0	stim_test,16653,-1,634	463	31467	16653.jpg
123.109375	0.0	stim_test,16567,-1,635	464	31516	16567.jpg
123.3125	0.0	stim_test,16569,-1,636	465	31568	16569.jpg
123.515625	0.0	stim_test,16697,-1,637	466	31620	16697.jpg
123.71875	0.0	stim_test,16678,-1,638	467	31672	16678.jpg
123.91796875	0.0	stim_test,16633,-1,639	468	31723	16633.jpg
124.109375	0.0	stim_test,16614,-1,640	469	31772	16614.jpg
124.3125	0.0	stim_test,16699,-1,641	470	31824	16699.jpg
124.515625	0.0	stim_test,16668,-1,642	471	31876	16668.jpg
124.71875	0.0	stim_test,16640,-1,643	472	31928	16640.jpg
124.921875	0.0	stim_test,16674,-1,644	473	31980	16674.jpg
125.109375	0.0	stim_test,16650,-1,645	474	32028	16650.jpg
125.3125	0.0	stim_test,16730,-1,646	475	32080	16730.jpg
125.515625	0.0	stim_test,16565,-1,647	476	32132	16565.jpg
125.71875	0.0	stim_test,16696,-1,648	477	32184	16696.jpg
125.921875	0.0	stim_test,16671,-1,649	478	32236	16671.jpg
126.12109375	0.0	stim_test,16584,-1,650	479	32287	16584.jpg
126.3125	0.0	stim_test,16714,-1,651	480	32336	16714.jpg
126.515625	0.0	stim_test,16604,-1,652	481	32388	16604.jpg
126.71875	0.0	stim_test,16612,-1,653	482	32440	16612.jpg
127.984375	0.0	behav,3,-1,654	483	32764	n/a
128.34375	0.0	stim_test,16551,-1,655	484	32856	16551.jpg
128.53125	0.0	stim_test,16658,-1,656	485	32904	16658.jpg
128.734375	0.0	stim_test,16676,-1,657	486	32956	16676.jpg
128.9375	0.0	stim_test,16548,-1,658	487	33008	16548.jpg
129.140625	0.0	stim_test,16630,-1,659	488	33060	16630.jpg
129.34375	0.0	stim_test,16695,-1,660	489	33112	16695.jpg
129.53125	0.0	stim_test,16711,-1,661	490	33160	16711.jpg
129.734375	0.0	stim_test,16598,-1,662	491	33212	16598.jpg
129.9375	0.0	stim_test,16738,-1,663	492	33264	16738.jpg
130.140625	0.0	stim_test,16654,-1,664	493	33316	16654.jpg
130.34375	0.0	stim_test,16691,-1,665	494	33368	16691.jpg
130.53125	0.0	stim_test,16547,-1,666	495	33416	16547.jpg
130.734375	0.0	stim_test,16669,-1,667	496	33468	16669.jpg
130.9375	0.0	stim_test,16575,-1,668	497	33520	16575.jpg
131.140625	0.0	stim_test,16687,-1,669	498	33572	16687.jpg
131.34375	0.0	stim_test,16642,-1,670	499	33624	16642.jpg
131.546875	0.0	stim_test,16637,-1,671	500	33676	16637.jpg
131.734375	0.0	stim_test,16587,-1,672	501	33724	16587.jpg
131.9375	0.0	stim_test,16619,-1,673	502	33776	16619.jpg
132.140625	0.0	stim_test,16692,-1,674	503	33828	16692.jpg
133.3359375	0.0	behav,3,-1,675	504	34134	n/a
133.6875	0.0	stim_test,16723,-1,676	505	34224	16723.jpg
133.890625	0.0	stim_test,16661,-1,677	506	34276	16661.jpg
134.09375	0.0	stim_test,16659,-1,678	507	34328	16659.jpg
134.296875	0.0	stim_test,16603,-1,679	508	34380	16603.jpg
134.5	0.0	stim_test,16677,-1,680	509	34432	16677.jpg
134.6875	0.0	stim_test,16564,-1,681	510	34480	16564.jpg
134.890625	0.0	stim_test,16583,-1,682	511	34532	16583.jpg
135.09375	0.0	stim_test,16652,-1,683	512	34584	16652.jpg
135.296875	0.0	stim_test,16627,-1,684	513	34636	16627.jpg
135.5	0.0	stim_test,16705,-1,685	514	34688	16705.jpg
135.6875	0.0	stim_test,16716,-1,686	515	34736	16716.jpg
135.890625	0.0	stim_test,16553,-1,687	516	34788	16553.jpg
136.09375	0.0	stim_test,16605,-1,688	517	34840	16605.jpg
136.296875	0.0	stim_test,16709,-1,689	518	34892	16709.jpg
136.5	0.0	stim_test,16707,-1,690	519	34944	16707.jpg
136.703125	0.0	stim_test,16636,-1,691	520	34996	16636.jpg
136.890625	0.0	stim_test,16725,-1,692	521	35044	16725.jpg
137.09375	0.0	stim_test,16601,-1,693	522	35096	16601.jpg
137.296875	0.0	stim_test,16568,-1,694	523	35148	16568.jpg
137.5	0.0	stim_test,16594,-1,695	524	35200	16594.jpg
138.859375	0.0	behav,3,-1,696	525	35548	n/a
139.21875	0.0	stim_test,16666,-1,697	526	35640	16666.jpg
139.421875	0.0	stim_test,16628,-1,698	527	35692	16628.jpg
139.609375	0.0	stim_test,16670,-1,699	528	35740	16670.jpg
139.8125	0.0	stim_test,16574,-1,700	529	35792	16574.jpg
140.015625	0.0	stim_test,16688,-1,701	530	35844	16688.jpg
140.21875	0.0	stim_test,16596,-1,702	531	35896	16596.jpg
140.421875	0.0	stim_test,16629,-1,703	532	35948	16629.jpg
140.609375	0.0	stim_test,16726,-1,704	533	35996	16726.jpg
140.8125	0.0	stim_test,16736,-1,705	534	36048	16736.jpg
141.015625	0.0	stim_test,16727,-1,706	535	36100	16727.jpg
141.21875	0.0	stim_test,16647,-1,707	536	36152	16647.jpg
141.421875	0.0	stim_test,16662,-1,708	537	36204	16662.jpg
141.625	0.0	stim_test,16578,-1,709	538	36256	16578.jpg
141.8125	0.0	stim_test,16700,-1,710	539	36304	16700.jpg
142.015625	0.0	stim_test,16722,-1,711	540	36356	16722.jpg
142.21875	0.0	stim_test,16542,-1,712	541	36408	16542.jpg
142.421875	0.0	stim_test,16582,-1,713	542	36460	16582.jpg
142.625	0.0	stim_test,16663,-1,714	543	36512	16663.jpg
142.8125	0.0	stim_test,16622,-1,715	544	36560	16622.jpg
143.015625	0.0	stim_test,16729,-1,716	545	36612	16729.jpg
144.04296875	0.0	behav,3,-1,717	546	36875	n/a
144.390625	0.0	stim_test,16690,-1,718	547	36964	16690.jpg
144.59375	0.0	stim_test,16660,-1,719	548	37016	16660.jpg
144.78125	0.0	stim_test,16590,-1,720	549	37064	16590.jpg
144.984375	0.0	stim_test,16685,-1,721	550	37116	16685.jpg
145.1875	0.0	stim_test,16631,-1,722	551	37168	16631.jpg
145.38671875	0.0	stim_test,16600,-1,723	552	37219	16600.jpg
145.58984375	0.0	stim_test,16593,-1,724	553	37271	16593.jpg
145.77734375	0.0	stim_test,16735,-1,725	554	37319	16735.jpg
145.98046875	0.0	stim_test,16616,-1,726	555	37371	16616.jpg
146.18359375	0.0	stim_test,16571,-1,727	556	37423	16571.jpg
146.38671875	0.0	stim_test,16731,-1,728	557	37475	16731.jpg
146.58984375	0.0	stim_test,16704,-1,729	558	37527	16704.jpg
146.79296875	0.0	stim_test,16576,-1,730	559	37579	16576.jpg
146.98046875	0.0	stim_test,16621,-1,731	560	37627	16621.jpg
147.18359375	0.0	stim_test,16555,-1,732	561	37679	16555.jpg
147.38671875	0.0	stim_test,16680,-1,733	562	37731	16680.jpg
147.58984375	0.0	stim_test,16655,-1,734	563	37783	16655.jpg
147.79296875	0.0	stim_test,16638,-1,735	564	37835	16638.jpg
147.98046875	0.0	stim_test,16646,-1,736	565	37883	16646.jpg
148.18359375	0.0	stim_test,16610,-1,737	566	37935	16610.jpg
149.46484375	0.0	behav,3,-1,738	567	38263	n/a
149.82421875	0.0	stim_test,16617,-1,739	568	38355	16617.jpg
150.02734375	0.0	stim_test,16562,-1,740	569	38407	16562.jpg
150.21484375	0.0	stim_test,16713,-1,741	570	38455	16713.jpg
150.41796875	0.0	stim_test,16734,-1,742	571	38507	16734.jpg
150.62109375	0.0	stim_test,16624,-1,743	572	38559	16624.jpg
150.82421875	0.0	stim_test,16664,-1,744	573	38611	16664.jpg
151.02734375	0.0	stim_test,16665,-1,745	574	38663	16665.jpg
151.23046875	0.0	stim_test,16618,-1,746	575	38715	16618.jpg
151.41796875	0.0	stim_test,16719,-1,747	576	38763	16719.jpg
151.62109375	0.0	stim_test,16632,-1,748	577	38815	16632.jpg
151.82421875	0.0	stim_test,16701,-1,749	578	38867	16701.jpg
152.02734375	0.0	stim_test,16608,-1,750	579	38919	16608.jpg
152.23046875	0.0	stim_test,16675,-1,751	580	38971	16675.jpg
152.41796875	0.0	stim_test,16623,-1,752	581	39019	16623.jpg
152.62109375	0.0	stim_test,16549,-1,753	582	39071	16549.jpg
152.82421875	0.0	stim_test,16554,-1,754	583	39123	16554.jpg
153.02734375	0.0	stim_test,16615,-1,755	584	39175	16615.jpg
153.23046875	0.0	stim_test,16651,-1,756	585	39227	16651.jpg
153.43359375	0.0	stim_test,16626,-1,757	586	39279	16626.jpg
153.62109375	0.0	stim_test,16572,-1,758	587	39327	16572.jpg
155.3671875	0.0	behav,3,-1,759	588	39774	n/a
155.71484375	0.0	stim_test,16648,-1,760	589	39863	16648.jpg
155.91796875	0.0	stim_test,16604,-1,761	590	39915	16604.jpg
156.10546875	0.0	stim_test,16594,-1,762	591	39963	16594.jpg
156.30859375	0.0	stim_test,16730,-1,763	592	40015	16730.jpg
156.51171875	0.0	stim_test,16547,-1,764	593	40067	16547.jpg
156.71484375	0.0	stim_test,16575,-1,765	594	40119	16575.jpg
156.91796875	0.0	stim_test,16699,-1,766	595	40171	16699.jpg
157.10546875	0.0	stim_test,16570,-1,767	596	40219	16570.jpg
157.30859375	0.0	stim_test,16574,-1,768	597	40271	16574.jpg
157.51171875	0.0	stim_test,16687,-1,769	598	40323	16687.jpg
157.71484375	0.0	stim_test,16651,-1,770	599	40375	16651.jpg
157.91796875	0.0	stim_test,16627,-1,771	600	40427	16627.jpg
158.12109375	0.0	stim_test,16702,-1,772	601	40479	16702.jpg
158.30859375	0.0	stim_test,16632,-1,773	602	40527	16632.jpg
158.51171875	0.0	stim_test,16586,-1,774	603	40579	16586.jpg
158.71484375	0.0	stim_test,16655,-1,775	604	40631	16655.jpg
158.91796875	0.0	stim_test,16597,-1,776	605	40683	16597.jpg
159.12109375	0.0	stim_test,16647,-1,777	606	40735	16647.jpg
159.30859375	0.0	stim_test,16582,-1,778	607	40783	16582.jpg
159.51171875	0.0	stim_test,16693,-1,779	608	40835	16693.jpg
160.65625	0.0	behav,3,-1,780	609	41128	n/a
161.01171875	0.0	stim_test,16540,-1,781	610	41219	16540.jpg
161.21484375	0.0	stim_test,16643,-1,782	611	41271	16643.jpg
161.41796875	0.0	stim_test,16669,-1,783	612	41323	16669.jpg
161.62109375	0.0	stim_test,16564,-1,784	613	41375	16564.jpg
161.82421875	0.0	stim_test,16719,-1,785	614	41427	16719.jpg
162.01171875	0.0	stim_test,16698,-1,786	615	41475	16698.jpg
162.21484375	0.0	stim_test,16660,-1,787	616	41527	16660.jpg
162.41796875	0.0	stim_test,16565,-1,788	617	41579	16565.jpg
162.62109375	0.0	stim_test,16640,-1,789	618	41631	16640.jpg
162.82421875	0.0	stim_test,16612,-1,790	619	41683	16612.jpg
163.01171875	0.0	stim_test,16659,-1,791	620	41731	16659.jpg
163.21484375	0.0	stim_test,16700,-1,792	621	41783	16700.jpg
163.41796875	0.0	stim_test,16611,-1,793	622	41835	16611.jpg
163.62109375	0.0	stim_test,16726,-1,794	623	41887	16726.jpg
163.82421875	0.0	stim_test,16638,-1,795	624	41939	16638.jpg
164.02734375	0.0	stim_test,16734,-1,796	625	41991	16734.jpg
164.21484375	0.0	stim_test,16546,-1,797	626	42039	16546.jpg
164.41796875	0.0	stim_test,16704,-1,798	627	42091	16704.jpg
164.62109375	0.0	stim_test,16696,-1,799	628	42143	16696.jpg
164.82421875	0.0	stim_test,16601,-1,800	629	42195	16601.jpg
166.2734375	0.0	behav,3,-1,801	630	42566	n/a
166.62109375	0.0	stim_test,16633,-1,802	631	42655	16633.jpg
166.82421875	0.0	stim_test,16644,-1,803	632	42707	16644.jpg
167.02734375	0.0	stim_test,16718,-1,804	633	42759	16718.jpg
167.23046875	0.0	stim_test,16714,-1,805	634	42811	16714.jpg
167.41796875	0.0	stim_test,16674,-1,806	635	42859	16674.jpg
167.62109375	0.0	stim_test,16619,-1,807	636	42911	16619.jpg
167.82421875	0.0	stim_test,16595,-1,808	637	42963	16595.jpg
168.02734375	0.0	stim_test,16737,-1,809	638	43015	16737.jpg
168.23046875	0.0	stim_test,16552,-1,810	639	43067	16552.jpg
168.41796875	0.0	stim_test,16675,-1,811	640	43115	16675.jpg
168.62109375	0.0	stim_test,16641,-1,812	641	43167	16641.jpg
168.82421875	0.0	stim_test,16728,-1,813	642	43219	16728.jpg
169.02734375	0.0	stim_test,16673,-1,814	643	43271	16673.jpg
169.23046875	0.0	stim_test,16598,-1,815	644	43323	16598.jpg
169.41796875	0.0	stim_test,16563,-1,816	645	43371	16563.jpg
169.62109375	0.0	stim_test,16731,-1,817	646	43423	16731.jpg
169.82421875	0.0	stim_test,16621,-1,818	647	43475	16621.jpg
170.02734375	0.0	stim_test,16664,-1,819	648	43527	16664.jpg
170.23046875	0.0	stim_test,16635,-1,820	649	43579	16635.jpg
170.43359375	0.0	stim_test,16672,-1,821	650	43631	16672.jpg
171.9296875	0.0	behav,3,-1,822	651	44014	n/a
172.27734375	0.0	stim_test,16686,-1,823	652	44103	16686.jpg
172.48046875	0.0	stim_test,16637,-1,824	653	44155	16637.jpg
172.68359375	0.0	stim_test,16639,-1,825	654	44207	16639.jpg
172.88671875	0.0	stim_test,16606,-1,826	655	44259	16606.jpg
173.07421875	0.0	stim_test,16559,-1,827	656	44307	16559.jpg
173.28125	0.0	stim_test,16624,-1,828	657	44360	16624.jpg
173.48046875	0.0	stim_test,16681,-1,829	658	44411	16681.jpg
173.68359375	0.0	stim_test,16544,-1,830	659	44463	16544.jpg
173.88671875	0.0	stim_test,16591,-1,831	660	44515	16591.jpg
174.07421875	0.0	stim_test,16683,-1,832	661	44563	16683.jpg
174.28125	0.0	stim_test,16733,-1,833	662	44616	16733.jpg
174.48046875	0.0	stim_test,16724,-1,834	663	44667	16724.jpg
174.68359375	0.0	stim_test,16560,-1,835	664	44719	16560.jpg
174.88671875	0.0	stim_test,16607,-1,836	665	44771	16607.jpg
175.07421875	0.0	stim_test,16585,-1,837	666	44819	16585.jpg
175.28125	0.0	stim_test,16583,-1,838	667	44872	16583.jpg
175.484375	0.0	stim_test,16584,-1,839	668	44924	16584.jpg
175.68359375	0.0	stim_test,16623,-1,840	669	44975	16623.jpg
175.88671875	0.0	stim_test,16680,-1,841	670	45027	16680.jpg
176.08984375	0.0	stim_test,16577,-1,842	671	45079	16577.jpg
177.328125	0.0	behav,3,-1,843	672	45396	n/a
177.66796875	0.0	stim_test,16656,-1,844	673	45483	16656.jpg
177.87109375	0.0	stim_test,16648,-1,845	674	45535	16648.jpg
178.07421875	0.0	stim_test,16707,-1,846	675	45587	16707.jpg
178.26171875	0.0	stim_test,16549,-1,847	676	45635	16549.jpg
178.46484375	0.0	stim_test,16614,-1,848	677	45687	16614.jpg
178.66796875	0.0	stim_test,16610,-1,849	678	45739	16610.jpg
178.87109375	0.0	stim_test,16689,-1,850	679	45791	16689.jpg
179.07421875	0.0	stim_test,16662,-1,851	680	45843	16662.jpg
179.265625	0.0	stim_test,16665,-1,852	681	45892	16665.jpg
179.46484375	0.0	stim_test,16566,-1,853	682	45943	16566.jpg
179.66796875	0.0	stim_test,16545,-1,854	683	45995	16545.jpg
179.87109375	0.0	stim_test,16629,-1,855	684	46047	16629.jpg
180.07421875	0.0	stim_test,16630,-1,856	685	46099	16630.jpg
180.28125	0.0	stim_test,16725,-1,857	686	46152	16725.jpg
180.46484375	0.0	stim_test,16589,-1,858	687	46199	16589.jpg
180.66796875	0.0	stim_test,16615,-1,859	688	46251	16615.jpg
180.87109375	0.0	stim_test,16646,-1,860	689	46303	16646.jpg
181.07421875	0.0	stim_test,16625,-1,861	690	46355	16625.jpg
181.28125	0.0	stim_test,16729,-1,862	691	46408	16729.jpg
181.46875	0.0	stim_test,16555,-1,863	692	46456	16555.jpg
182.9453125	0.0	behav,3,-1,864	693	46834	n/a
183.3125	0.0	stim_test,16587,-1,865	694	46928	16587.jpg
183.515625	0.0	stim_test,16568,-1,866	695	46980	16568.jpg
183.69921875	0.0	stim_test,16713,-1,867	696	47027	16713.jpg
183.90625	0.0	stim_test,16709,-1,868	697	47080	16709.jpg
184.109375	0.0	stim_test,16695,-1,869	698	47132	16695.jpg
184.3125	0.0	stim_test,16688,-1,870	699	47184	16688.jpg
184.515625	0.0	stim_test,16721,-1,871	700	47236	16721.jpg
184.71875	0.0	stim_test,16551,-1,872	701	47288	16551.jpg
184.90625	0.0	stim_test,16620,-1,873	702	47336	16620.jpg
185.109375	0.0	stim_test,16618,-1,874	703	47388	16618.jpg
185.3125	0.0	stim_test,16657,-1,875	704	47440	16657.jpg
185.515625	0.0	stim_test,16590,-1,876	705	47492	16590.jpg
185.71875	0.0	stim_test,16661,-1,877	706	47544	16661.jpg
185.90625	0.0	stim_test,16613,-1,878	707	47592	16613.jpg
186.109375	0.0	stim_test,16548,-1,879	708	47644	16548.jpg
186.3125	0.0	stim_test,16715,-1,880	709	47696	16715.jpg
186.515625	0.0	stim_test,16588,-1,881	710	47748	16588.jpg
186.71875	0.0	stim_test,16576,-1,882	711	47800	16576.jpg
186.921875	0.0	stim_test,16542,-1,883	712	47852	16542.jpg
187.109375	0.0	stim_test,16599,-1,884	713	47900	16599.jpg
189.2890625	0.0	behav,3,-1,885	714	48458	n/a
189.640625	0.0	stim_test,16684,-1,886	715	48548	16684.jpg
189.828125	0.0	stim_test,16677,-1,887	716	48596	16677.jpg
190.03125	0.0	stim_test,16649,-1,888	717	48648	16649.jpg
190.234375	0.0	stim_test,16652,-1,889	718	48700	16652.jpg
190.4375	0.0	stim_test,16706,-1,890	719	48752	16706.jpg
190.640625	0.0	stim_test,16617,-1,891	720	48804	16617.jpg
190.828125	0.0	stim_test,16653,-1,892	721	48852	16653.jpg
191.03125	0.0	stim_test,16671,-1,893	722	48904	16671.jpg
191.234375	0.0	stim_test,16596,-1,894	723	48956	16596.jpg
191.4375	0.0	stim_test,16645,-1,895	724	49008	16645.jpg
191.640625	0.0	stim_test,16602,-1,896	725	49060	16602.jpg
191.828125	0.0	stim_test,16634,-1,897	726	49108	16634.jpg
192.03125	0.0	stim_test,16573,-1,898	727	49160	16573.jpg
192.234375	0.0	stim_test,16711,-1,899	728	49212	16711.jpg
192.4375	0.0	stim_test,16732,-1,900	729	49264	16732.jpg
192.640625	0.0	stim_test,16668,-1,901	730	49316	16668.jpg
192.84375	0.0	stim_test,16654,-1,902	731	49368	16654.jpg
193.03125	0.0	stim_test,16727,-1,903	732	49416	16727.jpg
193.234375	0.0	stim_test,16703,-1,904	733	49468	16703.jpg
193.4375	0.0	stim_test,16682,-1,905	734	49520	16682.jpg
194.875	0.0	behav,3,-1,906	735	49888	n/a
195.234375	0.0	stim_test,16642,-1,907	736	49980	16642.jpg
195.4375	0.0	stim_test,16553,-1,908	737	50032	16553.jpg
195.640625	0.0	stim_test,16722,-1,909	738	50084	16722.jpg
195.84375	0.0	stim_test,16720,-1,910	739	50136	16720.jpg
196.046875	0.0	stim_test,16609,-1,911	740	50188	16609.jpg
196.234375	0.0	stim_test,16569,-1,912	741	50236	16569.jpg
196.4375	0.0	stim_test,16603,-1,913	742	50288	16603.jpg
196.640625	0.0	stim_test,16605,-1,914	743	50340	16605.jpg
196.84375	0.0	stim_test,16561,-1,915	744	50392	16561.jpg
197.046875	0.0	stim_test,16701,-1,916	745	50444	16701.jpg
197.234375	0.0	stim_test,16697,-1,917	746	50492	16697.jpg
197.4375	0.0	stim_test,16580,-1,918	747	50544	16580.jpg
197.640625	0.0	stim_test,16708,-1,919	748	50596	16708.jpg
197.84375	0.0	stim_test,16578,-1,920	749	50648	16578.jpg
198.046875	0.0	stim_test,16735,-1,921	750	50700	16735.jpg
198.25	0.0	stim_test,16558,-1,922	751	50752	16558.jpg
198.4375	0.0	stim_test,16676,-1,923	752	50800	16676.jpg
198.640625	0.0	stim_test,16626,-1,924	753	50852	16626.jpg
198.84375	0.0	stim_test,16650,-1,925	754	50904	16650.jpg
199.046875	0.0	stim_test,16631,-1,926	755	50956	16631.jpg
200.578125	0.0	behav,3,-1,927	756	51348	n/a
200.9375	0.0	stim_test,16705,-1,928	757	51440	16705.jpg
201.140625	0.0	stim_test,16736,-1,929	758	51492	16736.jpg
201.34375	0.0	stim_test,16710,-1,930	759	51544	16710.jpg
201.546875	0.0	stim_test,16600,-1,931	760	51596	16600.jpg
201.75	0.0	stim_test,16716,-1,932	761	51648	16716.jpg
201.953125	0.0	stim_test,16694,-1,933	762	51700	16694.jpg
202.140625	0.0	stim_test,16579,-1,934	763	51748	16579.jpg
202.34375	0.0	stim_test,16739,-1,935	764	51800	16739.jpg
202.546875	0.0	stim_test,16679,-1,936	765	51852	16679.jpg
202.75	0.0	stim_test,16636,-1,937	766	51904	16636.jpg
202.953125	0.0	stim_test,16691,-1,938	767	51956	16691.jpg
203.140625	0.0	stim_test,16666,-1,939	768	52004	16666.jpg
203.34375	0.0	stim_test,16608,-1,940	769	52056	16608.jpg
203.54296875	0.0	stim_test,16554,-1,941	770	52107	16554.jpg
203.74609375	0.0	stim_test,16685,-1,942	771	52159	16685.jpg
203.94921875	0.0	stim_test,16667,-1,943	772	52211	16667.jpg
204.15234375	0.0	stim_test,16670,-1,944	773	52263	16670.jpg
204.33984375	0.0	stim_test,16690,-1,945	774	52311	16690.jpg
204.54296875	0.0	stim_test,16622,-1,946	775	52363	16622.jpg
204.74609375	0.0	stim_test,16593,-1,947	776	52415	16593.jpg
206.0078125	0.0	behav,3,-1,948	777	52738	n/a
206.37109375	0.0	stim_test,16678,-1,949	778	52831	16678.jpg
206.55859375	0.0	stim_test,16628,-1,950	779	52879	16628.jpg
206.76171875	0.0	stim_test,16550,-1,951	780	52931	16550.jpg
206.96484375	0.0	stim_test,16616,-1,952	781	52983	16616.jpg
207.16796875	0.0	stim_test,16562,-1,953	782	53035	16562.jpg
207.37109375	0.0	stim_test,16581,-1,954	783	53087	16581.jpg
207.55859375	0.0	stim_test,16567,-1,955	784	53135	16567.jpg
207.76171875	0.0	stim_test,16556,-1,956	785	53187	16556.jpg
207.96484375	0.0	stim_test,16571,-1,957	786	53239	16571.jpg
208.16796875	0.0	stim_test,16712,-1,958	787	53291	16712.jpg
208.37109375	0.0	stim_test,16592,-1,959	788	53343	16592.jpg
208.55859375	0.0	stim_test,16658,-1,960	789	53391	16658.jpg
208.76171875	0.0	stim_test,16572,-1,961	790	53443	16572.jpg
208.96484375	0.0	stim_test,16738,-1,962	791	53495	16738.jpg
209.16796875	0.0	stim_test,16541,-1,963	792	53547	16541.jpg
209.37109375	0.0	stim_test,16557,-1,964	793	53599	16557.jpg
209.57421875	0.0	stim_test,16723,-1,965	794	53651	16723.jpg
209.76171875	0.0	stim_test,16663,-1,966	795	53699	16663.jpg
209.96484375	0.0	stim_test,16717,-1,967	796	53751	16717.jpg
210.16796875	0.0	stim_test,16692,-1,968	797	53803	16692.jpg
211.5390625	0.0	behav,3,-1,969	798	54154	n/a
211.90234375	0.0	stim_test,16543,-1,970	799	54247	16543.jpg
212.10546875	0.0	stim_test,16714,-1,971	800	54299	16714.jpg
212.30859375	0.0	stim_test,16717,-1,972	801	54351	16717.jpg
212.49609375	0.0	stim_test,16583,-1,973	802	54399	16583.jpg
212.69921875	0.0	stim_test,16695,-1,974	803	54451	16695.jpg
212.90234375	0.0	stim_test,16705,-1,975	804	54503	16705.jpg
213.10546875	0.0	stim_test,16545,-1,976	805	54555	16545.jpg
213.30859375	0.0	stim_test,16620,-1,977	806	54607	16620.jpg
213.51171875	0.0	stim_test,16694,-1,978	807	54659	16694.jpg
213.69921875	0.0	stim_test,16738,-1,979	808	54707	16738.jpg
213.90234375	0.0	stim_test,16660,-1,980	809	54759	16660.jpg
214.10546875	0.0	stim_test,16673,-1,981	810	54811	16673.jpg
214.30859375	0.0	stim_test,16548,-1,982	811	54863	16548.jpg
214.51171875	0.0	stim_test,16616,-1,983	812	54915	16616.jpg
214.69921875	0.0	stim_test,16642,-1,984	813	54963	16642.jpg
214.90234375	0.0	stim_test,16706,-1,985	814	55015	16706.jpg
215.10546875	0.0	stim_test,16734,-1,986	815	55067	16734.jpg
215.30859375	0.0	stim_test,16713,-1,987	816	55119	16713.jpg
215.51171875	0.0	stim_test,16732,-1,988	817	55171	16732.jpg
215.69921875	0.0	stim_test,16602,-1,989	818	55219	16602.jpg
216.9375	0.0	behav,3,-1,990	819	55536	n/a
217.29296875	0.0	stim_test,16595,-1,991	820	55627	16595.jpg
217.49609375	0.0	stim_test,16659,-1,992	821	55679	16659.jpg
217.69921875	0.0	stim_test,16614,-1,993	822	55731	16614.jpg
217.88671875	0.0	stim_test,16680,-1,994	823	55779	16680.jpg
218.08984375	0.0	stim_test,16601,-1,995	824	55831	16601.jpg
218.29296875	0.0	stim_test,16582,-1,996	825	55883	16582.jpg
218.49609375	0.0	stim_test,16570,-1,997	826	55935	16570.jpg
218.69921875	0.0	stim_test,16730,-1,998	827	55987	16730.jpg
218.88671875	0.0	stim_test,16572,-1,999	828	56035	16572.jpg
219.08984375	0.0	stim_test,16671,-1,1000	829	56087	16671.jpg
219.29296875	0.0	stim_test,16549,-1,1001	830	56139	16549.jpg
219.49609375	0.0	stim_test,16544,-1,1002	831	56191	16544.jpg
219.69921875	0.0	stim_test,16723,-1,1003	832	56243	16723.jpg
219.88671875	0.0	stim_test,16658,-1,1004	833	56291	16658.jpg
220.08984375	0.0	stim_test,16550,-1,1005	834	56343	16550.jpg
220.29296875	0.0	stim_test,16736,-1,1006	835	56395	16736.jpg
220.49609375	0.0	stim_test,16711,-1,1007	836	56447	16711.jpg
220.69921875	0.0	stim_test,16698,-1,1008	837	56499	16698.jpg
220.90234375	0.0	stim_test,16712,-1,1009	838	56551	16712.jpg
221.08984375	0.0	stim_test,16604,-1,1010	839	56599	16604.jpg
222.36328125	0.0	behav,3,-1,1011	840	56925	n/a
222.69921875	0.0	stim_test,16641,-1,1012	841	57011	16641.jpg
222.90234375	0.0	stim_test,16689,-1,1013	842	57063	16689.jpg
223.08984375	0.0	stim_test,16543,-1,1014	843	57111	16543.jpg
223.29296875	0.0	stim_test,16579,-1,1015	844	57163	16579.jpg
223.49609375	0.0	stim_test,16674,-1,1016	845	57215	16674.jpg
223.69921875	0.0	stim_test,16670,-1,1017	846	57267	16670.jpg
223.90234375	0.0	stim_test,16688,-1,1018	847	57319	16688.jpg
224.10546875	0.0	stim_test,16691,-1,1019	848	57371	16691.jpg
224.29296875	0.0	stim_test,16700,-1,1020	849	57419	16700.jpg
224.49609375	0.0	stim_test,16735,-1,1021	850	57471	16735.jpg
224.69921875	0.0	stim_test,16561,-1,1022	851	57523	16561.jpg
224.90234375	0.0	stim_test,16729,-1,1023	852	57575	16729.jpg
225.10546875	0.0	stim_test,16558,-1,1024	853	57627	16558.jpg
225.29296875	0.0	stim_test,16556,-1,1025	854	57675	16556.jpg
225.49609375	0.0	stim_test,16624,-1,1026	855	57727	16624.jpg
225.69921875	0.0	stim_test,16664,-1,1027	856	57779	16664.jpg
225.90234375	0.0	stim_test,16646,-1,1028	857	57831	16646.jpg
226.10546875	0.0	stim_test,16725,-1,1029	858	57883	16725.jpg
226.29296875	0.0	stim_test,16690,-1,1030	859	57931	16690.jpg
226.49609375	0.0	stim_test,16567,-1,1031	860	57983	16567.jpg
227.69921875	0.0	behav,3,-1,1032	861	58291	n/a
228.05859375	0.0	stim_test,16677,-1,1033	862	58383	16677.jpg
228.24609375	0.0	stim_test,16634,-1,1034	863	58431	16634.jpg
228.44921875	0.0	stim_test,16668,-1,1035	864	58483	16668.jpg
228.65234375	0.0	stim_test,16551,-1,1036	865	58535	16551.jpg
228.85546875	0.0	stim_test,16577,-1,1037	866	58587	16577.jpg
229.05859375	0.0	stim_test,16573,-1,1038	867	58639	16573.jpg
229.24609375	0.0	stim_test,16609,-1,1039	868	58687	16609.jpg
229.44921875	0.0	stim_test,16633,-1,1040	869	58739	16633.jpg
229.65234375	0.0	stim_test,16619,-1,1041	870	58791	16619.jpg
229.85546875	0.0	stim_test,16554,-1,1042	871	58843	16554.jpg
230.05859375	0.0	stim_test,16652,-1,1043	872	58895	16652.jpg
230.26171875	0.0	stim_test,16565,-1,1044	873	58947	16565.jpg
230.44921875	0.0	stim_test,16566,-1,1045	874	58995	16566.jpg
230.65234375	0.0	stim_test,16733,-1,1046	875	59047	16733.jpg
230.85546875	0.0	stim_test,16687,-1,1047	876	59099	16687.jpg
231.05859375	0.0	stim_test,16542,-1,1048	877	59151	16542.jpg
231.26171875	0.0	stim_test,16590,-1,1049	878	59203	16590.jpg
231.44921875	0.0	stim_test,16569,-1,1050	879	59251	16569.jpg
231.65625	0.0	stim_test,16651,-1,1051	880	59304	16651.jpg
231.85546875	0.0	stim_test,16704,-1,1052	881	59355	16704.jpg
233.1640625	0.0	behav,3,-1,1053	882	59690	n/a
233.51171875	0.0	stim_test,16584,-1,1054	883	59779	16584.jpg
233.71484375	0.0	stim_test,16625,-1,1055	884	59831	16625.jpg
233.90625	0.0	stim_test,16702,-1,1056	885	59880	16702.jpg
234.109375	0.0	stim_test,16718,-1,1057	886	59932	16718.jpg
234.30859375	0.0	stim_test,16581,-1,1058	887	59983	16581.jpg
234.51171875	0.0	stim_test,16600,-1,1059	888	60035	16600.jpg
234.71484375	0.0	stim_test,16709,-1,1060	889	60087	16709.jpg
234.90625	0.0	stim_test,16596,-1,1061	890	60136	16596.jpg
235.109375	0.0	stim_test,16647,-1,1062	891	60188	16647.jpg
235.3125	0.0	stim_test,16672,-1,1063	892	60240	16672.jpg
235.51171875	0.0	stim_test,16606,-1,1064	893	60291	16606.jpg
235.71484375	0.0	stim_test,16639,-1,1065	894	60343	16639.jpg
235.91796875	0.0	stim_test,16574,-1,1066	895	60395	16574.jpg
236.109375	0.0	stim_test,16618,-1,1067	896	60444	16618.jpg
236.3125	0.0	stim_test,16626,-1,1068	897	60496	16626.jpg
236.51171875	0.0	oddball,16745,-1,1069	898	60547	16745.jpg
236.71484375	0.0	stim_test,16675,-1,1070	899	60599	16675.jpg
236.91796875	0.0	stim_test,16622,-1,1071	900	60651	16622.jpg
237.109375	0.0	stim_test,16703,-1,101	901	60700	16703.jpg
237.3125	0.0	stim_test,16650,-1,102	902	60752	16650.jpg
238.578125	0.0	behav,0,-1,103	903	61076	n/a
238.91796875	0.0	stim_test,16739,-1,104	904	61163	16739.jpg
239.12109375	0.0	stim_test,16578,-1,105	905	61215	16578.jpg
239.3125	0.0	stim_test,16638,-1,106	906	61264	16638.jpg
239.515625	0.0	stim_test,16575,-1,107	907	61316	16575.jpg
239.71875	0.0	stim_test,16685,-1,108	908	61368	16685.jpg
239.91796875	0.0	stim_test,16692,-1,109	909	61419	16692.jpg
240.12109375	0.0	stim_test,16655,-1,110	910	61471	16655.jpg
240.3125	0.0	stim_test,16676,-1,111	911	61520	16676.jpg
240.515625	0.0	stim_test,16613,-1,112	912	61572	16613.jpg
240.71875	0.0	stim_test,16726,-1,113	913	61624	16726.jpg
240.921875	0.0	stim_test,16594,-1,114	914	61676	16594.jpg
241.12109375	0.0	stim_test,16586,-1,115	915	61727	16586.jpg
241.3125	0.0	stim_test,16640,-1,116	916	61776	16640.jpg
241.515625	0.0	stim_test,16631,-1,117	917	61828	16631.jpg
241.71875	0.0	stim_test,16580,-1,118	918	61880	16580.jpg
241.921875	0.0	stim_test,16719,-1,119	919	61932	16719.jpg
242.12109375	0.0	stim_test,16637,-1,120	920	61983	16637.jpg
242.32421875	0.0	stim_test,16628,-1,121	921	62035	16628.jpg
242.515625	0.0	stim_test,16588,-1,122	922	62084	16588.jpg
242.71875	0.0	stim_test,16728,-1,123	923	62136	16728.jpg
243.92578125	0.0	behav,3,-1,124	924	62445	n/a
244.296875	0.0	stim_test,16710,-1,125	925	62540	16710.jpg
244.484375	0.0	stim_test,16593,-1,126	926	62588	16593.jpg
244.6875	0.0	stim_test,16708,-1,127	927	62640	16708.jpg
244.890625	0.0	stim_test,16649,-1,128	928	62692	16649.jpg
245.09375	0.0	stim_test,16716,-1,129	929	62744	16716.jpg
245.296875	0.0	stim_test,16617,-1,130	930	62796	16617.jpg
245.484375	0.0	stim_test,16684,-1,131	931	62844	16684.jpg
245.6875	0.0	stim_test,16724,-1,132	932	62896	16724.jpg
245.890625	0.0	stim_test,16541,-1,133	933	62948	16541.jpg
246.09375	0.0	stim_test,16665,-1,134	934	63000	16665.jpg
246.296875	0.0	stim_test,16667,-1,135	935	63052	16667.jpg
246.484375	0.0	stim_test,16585,-1,136	936	63100	16585.jpg
246.6875	0.0	stim_test,16669,-1,137	937	63152	16669.jpg
246.890625	0.0	stim_test,16656,-1,138	938	63204	16656.jpg
247.09375	0.0	stim_test,16547,-1,139	939	63256	16547.jpg
247.296875	0.0	stim_test,16681,-1,140	940	63308	16681.jpg
247.5	0.0	stim_test,16598,-1,141	941	63360	16598.jpg
247.6875	0.0	stim_test,16643,-1,142	942	63408	16643.jpg
247.890625	0.0	stim_test,16589,-1,143	943	63460	16589.jpg
248.09375	0.0	stim_test,16553,-1,144	944	63512	16553.jpg
250.26953125	0.0	behav,3,-1,145	945	64069	n/a
250.625	0.0	stim_test,16635,-1,146	946	64160	16635.jpg
250.828125	0.0	stim_test,16678,-1,147	947	64212	16678.jpg
251.03125	0.0	stim_test,16697,-1,148	948	64264	16697.jpg
251.234375	0.0	stim_test,16592,-1,149	949	64316	16592.jpg
251.4375	0.0	stim_test,16568,-1,150	950	64368	16568.jpg
251.625	0.0	stim_test,16657,-1,151	951	64416	16657.jpg
251.828125	0.0	stim_test,16699,-1,152	952	64468	16699.jpg
252.03125	0.0	stim_test,16683,-1,153	953	64520	16683.jpg
252.234375	0.0	stim_test,16648,-1,154	954	64572	16648.jpg
252.4375	0.0	stim_test,16707,-1,155	955	64624	16707.jpg
252.625	0.0	stim_test,16552,-1,156	956	64672	16552.jpg
252.828125	0.0	stim_test,16610,-1,157	957	64724	16610.jpg
253.03125	0.0	stim_test,16682,-1,158	958	64776	16682.jpg
253.234375	0.0	stim_test,16557,-1,159	959	64828	16557.jpg
253.4375	0.0	stim_test,16630,-1,160	960	64880	16630.jpg
253.625	0.0	stim_test,16597,-1,161	961	64928	16597.jpg
253.828125	0.0	stim_test,16587,-1,162	962	64980	16587.jpg
254.03125	0.0	stim_test,16599,-1,163	963	65032	16599.jpg
254.234375	0.0	stim_test,16559,-1,164	964	65084	16559.jpg
254.4375	0.0	stim_test,16562,-1,165	965	65136	16562.jpg
255.57421875	0.0	behav,3,-1,166	966	65427	n/a
255.9375	0.0	stim_test,16644,-1,167	967	65520	16644.jpg
256.140625	0.0	stim_test,16591,-1,168	968	65572	16591.jpg
256.328125	0.0	stim_test,16627,-1,169	969	65620	16627.jpg
256.53125	0.0	stim_test,16636,-1,170	970	65672	16636.jpg
256.734375	0.0	stim_test,16693,-1,171	971	65724	16693.jpg
256.9375	0.0	stim_test,16615,-1,172	972	65776	16615.jpg
257.140625	0.0	stim_test,16731,-1,173	973	65828	16731.jpg
257.34375	0.0	stim_test,16603,-1,174	974	65880	16603.jpg
257.53125	0.0	stim_test,16661,-1,175	975	65928	16661.jpg
257.734375	0.0	stim_test,16621,-1,176	976	65980	16621.jpg
257.9375	0.0	stim_test,16721,-1,177	977	66032	16721.jpg
258.140625	0.0	stim_test,16737,-1,178	978	66084	16737.jpg
258.34375	0.0	stim_test,16608,-1,179	979	66136	16608.jpg
258.53125	0.0	stim_test,16611,-1,180	980	66184	16611.jpg
258.734375	0.0	stim_test,16654,-1,181	981	66236	16654.jpg
258.9375	0.0	stim_test,16612,-1,182	982	66288	16612.jpg
259.140625	0.0	stim_test,16666,-1,183	983	66340	16666.jpg
259.34375	0.0	stim_test,16564,-1,184	984	66392	16564.jpg
259.546875	0.0	stim_test,16560,-1,185	985	66444	16560.jpg
259.734375	0.0	stim_test,16555,-1,186	986	66492	16555.jpg
260.94921875	0.0	behav,3,-1,187	987	66803	n/a
261.296875	0.0	stim_test,16727,-1,188	988	66892	16727.jpg
261.484375	0.0	stim_test,16540,-1,189	989	66940	16540.jpg
261.68359375	0.0	stim_test,16576,-1,190	990	66991	16576.jpg
261.88671875	0.0	oddball,16742,-1,191	991	67043	16742.jpg
262.08984375	0.0	stim_test,16605,-1,192	992	67095	16605.jpg
262.29296875	0.0	stim_test,16686,-1,193	993	67147	16686.jpg
262.48046875	0.0	stim_test,16632,-1,194	994	67195	16632.jpg
262.68359375	0.0	stim_test,16722,-1,195	995	67247	16722.jpg
262.88671875	0.0	stim_test,16629,-1,196	996	67299	16629.jpg
263.08984375	0.0	stim_test,16653,-1,197	997	67351	16653.jpg
263.29296875	0.0	stim_test,16645,-1,198	998	67403	16645.jpg
263.49609375	0.0	stim_test,16720,-1,199	999	67455	16720.jpg
263.68359375	0.0	stim_test,16663,-1,200	1000	67503	16663.jpg
263.88671875	0.0	stim_test,16662,-1,201	1001	67555	16662.jpg
264.08984375	0.0	stim_test,16623,-1,202	1002	67607	16623.jpg
264.29296875	0.0	stim_test,16546,-1,203	1003	67659	16546.jpg
264.49609375	0.0	stim_test,16696,-1,204	1004	67711	16696.jpg
264.68359375	0.0	stim_test,16715,-1,205	1005	67759	16715.jpg
264.88671875	0.0	stim_test,16679,-1,206	1006	67811	16679.jpg
265.08984375	0.0	stim_test,16563,-1,207	1007	67863	16563.jpg
266.35546875	0.0	behav,0,-1,208	1008	68187	n/a
266.71484375	0.0	stim_test,16607,-1,209	1009	68279	16607.jpg
266.90234375	0.0	stim_test,16701,-1,210	1010	68327	16701.jpg
267.10546875	0.0	stim_test,16571,-1,211	1011	68379	16571.jpg
267.30859375	0.0	stim_test,16734,-1,212	1012	68431	16734.jpg
267.51171875	0.0	stim_test,16670,-1,213	1013	68483	16670.jpg
267.71484375	0.0	stim_test,16604,-1,214	1014	68535	16604.jpg
267.91796875	0.0	stim_test,16631,-1,215	1015	68587	16631.jpg
268.10546875	0.0	stim_test,16663,-1,216	1016	68635	16663.jpg
268.30859375	0.0	stim_test,16719,-1,217	1017	68687	16719.jpg
268.51171875	0.0	stim_test,16660,-1,218	1018	68739	16660.jpg
268.71484375	0.0	stim_test,16681,-1,219	1019	68791	16681.jpg
268.91796875	0.0	stim_test,16682,-1,220	1020	68843	16682.jpg
269.10546875	0.0	stim_test,16652,-1,221	1021	68891	16652.jpg
269.30859375	0.0	stim_test,16612,-1,222	1022	68943	16612.jpg
269.51171875	0.0	stim_test,16647,-1,223	1023	68995	16647.jpg
269.71484375	0.0	stim_test,16637,-1,224	1024	69047	16637.jpg
269.91796875	0.0	stim_test,16728,-1,225	1025	69099	16728.jpg
270.10546875	0.0	stim_test,16574,-1,226	1026	69147	16574.jpg
270.30859375	0.0	stim_test,16708,-1,227	1027	69199	16708.jpg
270.51171875	0.0	stim_test,16651,-1,228	1028	69251	16651.jpg
271.796875	0.0	behav,3,-1,229	1029	69580	n/a
272.13671875	0.0	oddball,16741,-1,230	1030	69667	16741.jpg
272.32421875	0.0	stim_test,16583,-1,231	1031	69715	16583.jpg
272.52734375	0.0	stim_test,16648,-1,232	1032	69767	16648.jpg
272.73046875	0.0	stim_test,16617,-1,233	1033	69819	16617.jpg
272.93359375	0.0	stim_test,16642,-1,234	1034	69871	16642.jpg
273.13671875	0.0	stim_test,16656,-1,235	1035	69923	16656.jpg
273.33984375	0.0	stim_test,16723,-1,236	1036	69975	16723.jpg
273.52734375	0.0	stim_test,16704,-1,237	1037	70023	16704.jpg
273.73046875	0.0	stim_test,16688,-1,238	1038	70075	16688.jpg
273.93359375	0.0	stim_test,16543,-1,239	1039	70127	16543.jpg
274.13671875	0.0	stim_test,16710,-1,240	1040	70179	16710.jpg
274.33984375	0.0	stim_test,16542,-1,241	1041	70231	16542.jpg
274.52734375	0.0	stim_test,16674,-1,242	1042	70279	16674.jpg
274.73046875	0.0	stim_test,16715,-1,243	1043	70331	16715.jpg
274.93359375	0.0	stim_test,16541,-1,244	1044	70383	16541.jpg
275.13671875	0.0	stim_test,16627,-1,245	1045	70435	16627.jpg
275.33984375	0.0	stim_test,16680,-1,246	1046	70487	16680.jpg
275.52734375	0.0	stim_test,16578,-1,247	1047	70535	16578.jpg
275.73046875	0.0	stim_test,16611,-1,248	1048	70587	16611.jpg
275.93359375	0.0	stim_test,16634,-1,249	1049	70639	16634.jpg
277.234375	0.0	behav,0,-1,250	1050	70972	n/a
277.57421875	0.0	stim_test,16643,-1,251	1051	71059	16643.jpg
277.77734375	0.0	stim_test,16599,-1,252	1052	71111	16599.jpg
277.96484375	0.0	stim_test,16707,-1,253	1053	71159	16707.jpg
278.16796875	0.0	stim_test,16683,-1,254	1054	71211	16683.jpg
278.37109375	0.0	stim_test,16725,-1,255	1055	71263	16725.jpg
278.57421875	0.0	stim_test,16666,-1,256	1056	71315	16666.jpg
278.77734375	0.0	stim_test,16547,-1,257	1057	71367	16547.jpg
278.96484375	0.0	stim_test,16646,-1,258	1058	71415	16646.jpg
279.16796875	0.0	stim_test,16629,-1,259	1059	71467	16629.jpg
279.37109375	0.0	stim_test,16616,-1,260	1060	71519	16616.jpg
279.57421875	0.0	stim_test,16650,-1,261	1061	71571	16650.jpg
279.77734375	0.0	stim_test,16640,-1,262	1062	71623	16640.jpg
279.98046875	0.0	stim_test,16570,-1,263	1063	71675	16570.jpg
280.16796875	0.0	stim_test,16598,-1,264	1064	71723	16598.jpg
280.37109375	0.0	stim_test,16588,-1,265	1065	71775	16588.jpg
280.57421875	0.0	stim_test,16610,-1,266	1066	71827	16610.jpg
280.77734375	0.0	stim_test,16632,-1,267	1067	71879	16632.jpg
280.98046875	0.0	stim_test,16694,-1,268	1068	71931	16694.jpg
281.16796875	0.0	stim_test,16633,-1,269	1069	71979	16633.jpg
281.37109375	0.0	stim_test,16568,-1,270	1070	72031	16568.jpg
282.61328125	0.0	behav,3,-1,271	1071	72349	n/a
